0000
00000
000000
0000000
00000000
000000000
0000000000
00000000000
000000000000
000000000000000
0000000000000000
00000000000000000000
0000000001
000000009
00000001
00000007
00000008
0000001
0000006
0000007
0000009
000000a
000001
0000011111
0000012
000002
000003
000004
000005
000006
000007
000008
000009
00000a
00001
000010
000011
00001111
000012
00001234
000013
000014
000015
000016
000017
000018
000019
00002
000020
000021
000022
000023
000024
000025
000026
000027
000028
000029
000030
000031
000034
00004
00004444
00005
000055
000065
000069
00007
000077
00007777
00008
000089
00009
000098
00009999
0001000
00011
000111
000111222
000112
00012
000123
000143
000147
00017
00018
000187
00021
000214
000218
000222
00023
00026
00027
00028
000316
000321
000333
000420
000444
