3380 10
2161 79
3763 43
2865 37
446 59
1614 96
1354 2
2117 94
3590 91
3448 31
1467 97
938 47
1334 34
1753 10
1070 80
7 25
2581 41
3674 69
3170 13
1803 13
3202 49
501 65
3098 36
1906 9
133 78
438 90
1427 21
1736 100
226 99
653 11
2486 34
1643 28
3591 48
587 90
1652 56
1892 41
1379 100
3463 8
2204 77
3396 17
711 50
1376 88
1955 13
402 11
2759 70
3484 23
2161 63
1945 5
1297 68
1321 23
511 94
1715 89
3070 4
1924 27
2863 35
600 37
380 2
367 69
1480 64
2792 64
2742 53
3297 74
3189 83
2593 17
3569 70
2485 49
952 12
2600 41
2905 32
1603 37
3482 34
1737 81
1871 4
600 22
3663 64
544 77
3211 64
535 6
570 72
2289 56
553 67
2112 24
3716 62
1130 73
2921 33
3329 43
3028 46
2815 55
1064 99
1824 98
634 57
851 56
4068 40
1394 40
270 12
4067 100
2027 37
242 36
3550 49
1283 36
2925 40
3540 70
1232 39
4086 63
1260 97
2405 94
2500 80
1098 56
955 31
3488 49
1435 47
374 44
2904 22
1826 92
848 28
3578 40
874 40
2751 42
3614 58
520 28
2821 82
2552 93
2786 94
3200 35
3698 38
1141 80
445 73
2795 40
2110 24
2996 44
353 26
3216 94
2634 59
789 34
1347 48
2865 90
2734 99
4063 80
2467 10
837 19
2714 69
2838 82
3673 3
2418 98
1099 66
625 72
3918 85
3174 20
3478 38
1206 39
3816 4
2349 80
2299 97
1714 5
2600 94
3547 72
737 47
3015 46
2539 20
3568 27
3572 75
3486 94
1132 19
1483 86
227 92
3005 41
1467 44
1952 92
2160 11
1519 11
3987 84
1225 38
1981 89
651 3
1456 74
3477 81
4083 66
2460 47
2705 88
2342 61
1802 87
451 93
2521 36
1277 88
1957 90
1302 61
2738 51
1326 21
1095 48
2247 9
698 40
4026 95
1348 18
273 95
3242 82
3897 5
2359 97
367 1
967 52
876 93
280 51
2090 19
1503 97
3391 73
3004 38
3079 34
837 84
992 31
2355 70
1440 80
772 43
930 52
2272 50
1287 64
1657 66
3714 77
1446 28
3425 52
1792 100
3446 24
2244 43
2448 16
1834 62
2062 32
1876 31
677 87
720 64
384 46
2702 13
1467 61
3445 96
323 22
1415 40
3342 94
2440 20
1529 72
691 39
3624 24
3741 3
164 63
3600 49
699 64
2152 71
3102 32
4041 3
2704 34
935 30
3550 80
292 31
3449 65
1201 9
2170 16
935 94
1874 28
352 46
2510 32
2667 56
2778 32
3318 88
3915 42
3557 73
1341 65
427 83
2718 78
4053 14
262 60
3311 46
3617 43
1824 77
289 46
1341 84
860 73
2367 54
201 84
376 40
395 27
739 71
1667 68
1720 12
635 28
3118 3
3729 55
3045 51
2897 79
3093 78
3685 93
2613 90
954 8
2784 62
237 18
3734 61
2190 62
1168 35
3089 77
1399 73
2511 94
2057 14
580 93
2798 39
831 35
60 38
1710 62
153 25
1051 71
184 81
2121 29
261 80
2621 100
582 64
2364 31
1832 22
497 36
3346 55
311 92
3062 30
3712 80
2719 32
1652 23
3744 85
3664 70
3717 8
3217 81
141 57
1993 69
2129 23
3116 98
2602 27
1932 29
1651 67
3776 68
242 49
1209 63
1638 100
837 22
2656 4
3859 74
325 49
2696 26
2741 77
82 11
3355 89
1028 53
2706 72
4087 78
1765 38
179 31
2735 62
899 79
3910 85
3229 70
697 15
2484 63
4014 49
983 85
3960 41
3097 74
468 13
955 5
1130 50
3915 53
1500 27
503 86
1509 2
529 34
823 14
3610 69
1633 94
3387 98
3866 35
2955 4
1413 25
879 64
1273 94
490 44
376 14
2564 45
2125 65
572 53
1725 69
2927 46
3268 76
3839 100
37 45
2140 52
164 19
1779 20
3735 24
1110 64
3692 55
1314 4
3323 21
2101 51
1634 5
3461 95
4022 91
1607 61
472 45
3249 70
213 86
387 22
340 45
2684 57
4050 15
2579 2
2345 48
3188 36
921 73
1943 37
10 91
3875 80
2442 99
187 4
654 29
3539 35
3475 76
28 81
3172 19
3617 18
3238 56
565 54
220 15
3991 38
2542 23
3672 41
3200 59
3075 87
1551 66
1008 94
615 94
455 42
1694 77
2396 18
3158 67
309 4
125 35
107 55
4018 49
21 65
718 88
549 68
1778 73
4058 51
2901 26
2627 30
4056 90
280 80
1247 65
3249 51
857 12
3722 13
2035 39
2767 50
1033 37
2998 93
3221 98
2672 89
1344 87
2865 65
1689 7
2020 10
1442 91
902 74
230 84
1715 100
1789 1
3360 99
225 58
4027 23
2893 42
2807 17
4059 91
424 21
414 95
268 94
2248 49
2623 95
1152 98
405 51
629 74
3748 6
1478 75
386 21
2849 32
2899 36
2431 10
2178 74
1510 77
194 5
2803 68
229 45
3086 32
3976 34
1453 82
2735 38
1748 12
2036 91
809 63
1559 90
3454 62
629 99
1621 97
1392 14
2695 83
1467 73
3563 19
1117 92
2073 52
796 91
4055 68
1812 56
2217 64
3744 46
89 36
4000 22
833 25
1390 15
1243 7
1898 88
1130 58
2412 82
2746 96
255 57
2188 100
518 10
1355 33
174 24
2870 58
4085 75
3161 28
3233 33
2549 92
181 10
3164 8
657 49
180 17
3924 8
42 38
3735 83
3351 6
2101 38
1601 36
3757 53
2207 31
1458 76
3281 96
945 45
3247 70
3917 85
2462 94
1523 8
21 26
324 52
1089 17
2474 53
2023 14
607 19
1558 18
607 51
915 33
1562 18
3419 18
3807 60
2133 64
3182 36
167 35
1351 33
2597 61
2071 71
2382 36
2889 39
3613 5
3573 15
1736 65
1895 78
584 18
408 16
1820 83
1708 54
1992 66
1365 37
2983 44
3808 48
115 89
3334 71
273 52
568 41
1581 18
4025 61
725 83
157 61
448 58
1925 14
598 83
3072 76
289 8
2848 98
1125 8
1761 86
4030 96
1043 36
1903 67
2352 82
430 37
1212 74
3798 27
53 57
745 77
4049 93
96 72
1918 19
3470 49
519 5
1217 65
1966 5
3063 90
1480 90
2835 48
1804 51
1613 36
3119 57
875 32
3843 58
1605 78
47 13
2461 39
3804 65
722 65
2902 54
521 6
3711 75
2470 95
1862 65
798 52
1179 8
2038 94
733 60
4043 93
93 1
2112 95
1080 47
2581 51
2287 5
837 59
2160 72
194 21
2294 77
2801 17
960 80
761 50
1938 97
3970 70
1451 69
1406 7
277 15
673 43
1568 97
4028 7
3596 73
664 85
1167 87
2034 10
2978 17
196 23
1888 92
4014 91
340 97
89 51
2809 74
3905 2
2226 44
292 14
164 46
2874 58
3719 54
4090 58
2447 1
2791 25
2464 12
4082 83
1139 97
3974 14
1741 66
2117 17
2071 44
3000 25
3311 93
2273 86
1377 56
2036 89
3311 1
1670 40
3927 84
1047 67
3670 96
3701 83
931 49
2063 24
1353 74
3299 8
2018 6
3895 20
3063 34
1907 61
2645 49
3999 48
1878 24
2712 19
213 92
438 99
1511 71
2813 19
648 22
3741 32
4095 89
995 72
3002 81
1610 71
3275 44
324 32
2994 66
326 21
2548 41
2206 34
1525 34
1863 54
3025 83
2013 61
4050 90
2834 33
2342 1
1834 74
3724 54
2409 22
2687 17
3094 68
986 40
1541 14
2885 66
635 13
1870 31
2388 51
3666 69
1740 87
2103 91
1485 44
1172 74
1967 94
1013 40
298 56
2224 20
2879 83
1492 74
241 19
3817 79
1777 56
1600 9
1492 47
641 41
1837 66
2540 68
918 66
2544 88
3685 31
2956 45
2585 33
524 87
3978 46
2685 69
1442 15
722 72
291 37
1279 100
3475 75
3766 13
271 32
1948 74
3996 55
1602 45
2463 21
2852 41
306 100
774 34
1766 30
1092 76
3611 81
3515 24
1943 60
2188 30
1768 64
2613 28
654 59
4015 65
83 21
1036 70
3294 48
2345 91
14 33
2853 99
133 66
1247 76
319 13
7 49
652 12
3750 29
553 60
3943 20
1389 46
2101 41
2816 55
2559 29
2699 86
942 5
2475 16
3144 96
891 36
3745 51
3201 13
3992 45
1097 60
1366 34
2325 12
842 9
2167 94
2653 29
1483 86
831 36
1708 71
8 59
2 43
897 44
1380 79
2264 98
3127 79
379 63
341 36
1261 43
2739 65
1973 31
3374 18
3751 33
512 6
2816 74
635 74
1514 46
3835 34
2707 83
337 34
3710 5
989 59
786 94
2282 35
3524 79
3718 24
3026 23
1275 41
1041 55
541 86
2567 56
143 46
2605 36
412 33
2809 59
600 26
125 75
1507 58
316 37
1408 78
2279 12
2175 37
818 32
2783 84
3280 87
2359 6
3519 1
1202 51
1651 35
3323 74
654 32
2455 25
3085 53
3196 53
1941 76
3711 52
3826 16
3993 80
785 35
3163 28
717 43
1869 67
2167 85
236 89
177 6
1205 73
583 21
3667 9
2605 96
877 95
1943 62
452 75
2909 85
3115 77
896 65
2161 41
2727 45
1802 27
459 59
1247 90
954 71
2131 22
1562 12
3616 8
4015 27
3467 33
2702 46
3705 59
1922 32
828 48
3546 61
2143 64
1790 6
2224 54
2138 78
728 89
1498 66
1042 33
2654 70
970 34
730 87
1513 55
2804 57
2432 93
2071 98
717 86
1477 72
1548 8
1383 41
1314 74
3244 14
3211 48
2367 46
3252 11
1726 22
3882 29
152 80
3862 21
923 58
626 75
2539 87
1718 83
1425 74
2633 100
1987 45
938 26
782 71
25 23
2603 77
1002 21
127 65
2503 99
1502 93
2247 6
2530 18
1121 99
902 51
3953 29
1902 84
2115 32
2327 83
882 73
737 9
3463 11
2048 73
1143 54
3387 92
3293 97
3133 55
636 7
3271 2
2311 28
3779 65
2423 82
1382 48
702 95
4062 98
3638 24
3905 13
1691 9
1023 71
2537 30
237 80
363 62
840 63
1426 23
3911 81
2880 71
3066 55
2863 45
390 54
35 79
1892 77
3037 8
66 76
1227 86
787 29
3081 52
3128 23
1576 62
1961 79
3903 81
542 39
310 83
1781 57
385 7
3912 71
2022 59
3608 68
3149 53
2765 76
684 48
3329 47
3005 51
206 10
1154 81
3886 13
3414 40
843 18
3250 3
3101 48
2504 59
4073 83
1753 91
2472 89
816 40
3331 67
3208 9
3586 96
2503 31
2586 24
1940 55
370 47
2071 23
3744 84
1960 9
1165 18
2592 71
738 16
1571 87
1428 76
2763 18
3078 67
1249 42
2558 39
2157 43
2860 100
888 33
3467 71
1509 35
3211 46
1510 29
1092 29
3153 47
96 28
2403 60
3002 6
2048 77
3010 44
738 36
235 87
956 54
392 82
456 26
2774 18
2597 63
3882 17
3294 64
3755 75
246 4
972 23
1165 44
164 74
3459 37
1587 66
3499 57
1492 23
205 33
2037 8
3394 17
1578 71
445 99
3539 52
1580 8
2677 39
361 17
2087 21
288 10
2010 65
3555 1
2951 56
2160 60
1583 19
1300 51
794 57
1596 51
1908 43
668 78
3953 79
1902 65
1326 75
3541 92
250 36
1591 56
2230 85
3246 14
1059 43
146 28
3655 2
1749 77
397 96
3482 52
2448 55
1042 10
813 33
1378 5
3646 100
1223 44
1032 5
2625 83
3363 67
58 31
3558 4
811 45
3788 55
3020 24
578 64
1455 98
3306 7
4064 83
1655 23
3315 88
1810 44
641 30
3260 60
2395 6
1480 94
3282 84
3542 11
2705 70
2722 50
3311 56
3398 27
723 10
725 32
3477 88
3929 54
3665 71
566 83
2410 22
1840 33
1785 91
3388 74
2153 15
1523 89
242 32
1121 46
1846 93
1538 67
2171 67
3439 12
1959 12
1332 8
3023 27
1019 50
566 36
475 45
1562 98
817 8
3610 51
4069 96
2903 51
461 18
1516 24
3321 12
290 96
2488 96
3350 62
2519 67
2206 29
1731 38
398 37
3378 42
1917 99
2482 21
1756 36
2096 8
2389 19
1881 30
1434 12
462 75
3117 42
3874 8
695 24
2466 70
2893 37
773 50
1385 18
521 69
806 26
2309 20
589 30
3471 83
804 96
3982 24
2349 4
2072 27
3206 40
1524 87
2175 97
1278 67
450 41
1663 60
3743 65
1438 76
438 61
1997 6
1359 84
3758 86
1485 33
1131 44
1600 90
2196 18
1608 78
2184 63
3453 51
3471 54
506 58
1337 2
928 100
160 90
2745 88
3843 24
3042 43
2902 75
1411 66
1499 69
1710 36
2420 51
2792 66
880 99
3454 71
923 9
2294 4
692 18
3461 15
803 24
300 62
2420 23
842 71
359 23
3700 97
3349 1
2812 46
2534 82
3448 45
1246 28
1366 69
1745 99
3519 84
547 4
2240 76
54 87
827 57
3720 71
3021 13
2614 46
1817 100
401 47
3561 13
476 100
3124 94
2809 53
3197 48
3054 68
3672 81
2157 46
15 59
3447 10
2157 25
3630 60
2908 17
220 44
1328 36
3112 60
2605 51
1990 34
1092 97
1009 25
2729 53
340 93
228 45
165 74
3753 32
3003 63
3057 36
854 10
3120 35
921 57
1575 50
1839 81
3077 76
1783 95
2933 2
240 64
153 67
3754 45
1684 97
3356 18
55 51
2881 70
3430 48
3804 9
3337 77
2862 66
1677 10
1982 36
3879 29
1099 30
38 79
3921 94
2841 51
2016 13
2824 74
2939 28
623 73
646 27
1599 11
1123 58
1227 29
2626 64
3739 88
2035 75
257 25
3246 88
834 26
475 72
165 29
3603 12
127 67
3433 9
1201 24
1776 83
2407 80
3693 52
1064 6
3539 69
2729 24
2112 75
2122 20
3621 93
2310 32
350 61
750 60
940 17
3602 50
3002 76
2082 40
3075 19
2306 28
2910 26
2964 66
3005 64
2838 24
531 99
2968 11
654 11
3421 54
407 25
148 4
3353 94
2548 6
1005 87
310 11
3454 62
3662 54
190 62
1802 9
1716 57
750 31
1225 87
1946 6
3715 34
2523 88
2638 19
99 1
1674 68
2468 94
3942 97
724 37
437 63
3526 44
2730 9
621 96
3819 82
2455 77
657 96
1420 79
350 20
1695 86
2170 28
3888 96
3647 72
3431 8
2885 79
2355 78
3721 9
3195 1
942 25
1378 69
2774 91
2849 10
1837 50
1740 45
2609 16
1224 92
2478 19
2812 38
312 16
79 39
178 14
2947 85
1190 39
736 85
949 53
831 10
3685 13
2457 100
2085 36
2789 40
242 53
4083 24
142 65
2327 49
3925 83
123 11
2367 18
4057 6
2897 53
2199 99
2376 72
1737 87
264 5
854 49
383 32
1451 18
378 60
1299 75
2564 74
402 12
3059 93
2970 33
3017 90
1395 32
3058 95
3630 61
3732 45
2033 21
1938 94
962 33
3497 39
2018 82
2632 9
571 10
2979 82
3681 59
406 83
2842 40
1857 60
152 91
2800 98
69 3
1043 74
2336 65
3428 64
2117 80
612 13
3203 64
3768 92
3006 65
3911 48
2653 4
4085 51
1536 96
3235 99
779 31
2218 50
1452 66
674 43
2435 4
3079 72
3618 78
2152 67
2690 4
373 84
661 58
2945 94
2848 47
4014 91
1770 60
82 36
3213 51
1834 97
3352 42
1832 11
3974 83
2145 33
3569 74
2050 55
3025 76
994 87
2024 81
1354 55
3360 26
241 22
3185 26
1810 48
242 55
609 18
3584 3
2323 45
905 64
3261 29
2863 24
1995 2
3159 33
653 72
2533 80
2419 54
379 32
1267 72
892 6
1881 25
462 94
2212 26
2399 20
1268 95
3324 27
1403 80
2567 10
3347 87
3711 2
2556 77
2701 49
2823 22
3289 96
3848 3
3214 21
209 44
2276 47
3578 100
3617 70
1778 32
841 63
2307 6
2903 94
2916 33
2861 44
1248 88
2564 87
1600 87
495 91
1563 88
1413 51
2546 63
220 60
1048 21
2130 40
3516 49
542 15
3929 41
2364 57
2355 53
3573 37
3334 95
175 45
358 67
847 45
2394 11
3185 69
20 69
3364 89
2908 98
3570 42
3582 25
481 78
352 26
168 14
3931 47
796 69
3644 39
2683 68
560 85
3177 29
416 10
3869 11
3582 4
1069 40
1665 89
271 35
267 35
1549 5
1686 45
3942 36
2588 15
3593 18
2984 64
1315 45
3711 79
158 15
1754 87
4066 99
1798 42
3516 8
3667 18
337 57
457 3
3509 95
764 39
1229 27
978 50
346 30
3774 60
932 91
1284 41
2613 63
2852 75
1772 83
3727 51
1177 28
3521 14
2481 7
3395 73
3687 61
2771 90
3276 28
1329 91
3655 18
1599 17
1056 58
2178 33
1681 79
134 23
3808 66
1266 11
484 70
965 35
3355 15
1988 13
3006 95
3528 30
2365 47
1797 2
2914 9
3691 25
160 93
2757 32
707 25
1246 77
2708 47
255 11
3354 70
745 25
676 65
246 11
829 60
2344 61
2007 3
34 54
3522 79
1643 51
3824 37
215 37
909 78
2008 93
1408 97
1468 34
872 8
2500 33
484 37
205 67
2110 88
4028 44
2046 56
2808 12
1047 40
3383 29
1795 2
1949 26
585 96
2051 76
2329 36
1958 68
687 53
3128 90
3367 100
666 9
320 45
2554 1
3060 71
897 2
2000 85
3264 60
764 53
3440 70
1103 32
2551 14
2805 72
718 79
3126 21
35 57
1843 42
2264 68
1233 81
3488 86
1130 85
1995 2
2759 69
164 12
3758 14
2951 21
1368 54
2248 7
1644 6
1955 55
2718 42
3700 73
2201 98
2632 2
2308 17
1886 82
990 53
570 72
379 56
1271 47
187 18
1066 89
3928 10
3562 86
3843 31
3620 11
3493 53
1961 63
1804 94
2925 42
321 95
324 1
3305 96
1240 20
3405 41
3907 84
3719 99
2688 19
2605 38
1864 90
2882 72
2316 69
3295 87
433 55
1700 98
2016 47
2198 35
3152 51
3253 98
1599 53
3826 21
1052 45
2568 32
1278 5
1737 100
1768 73
1171 59
1921 57
2996 61
1026 80
1473 48
2298 46
3693 94
3306 75
3002 17
1572 77
606 95
1375 1
2449 22
729 90
2587 92
2847 43
3673 73
2500 63
3548 75
2817 35
3150 12
1431 34
2538 76
1035 7
635 17
3080 58
3736 87
3987 96
212 68
1509 14
3864 8
1142 66
3643 23
3417 33
262 29
149 4
2944 85
3339 90
3850 96
2849 22
929 24
2205 19
2068 99
1335 34
1717 36
170 34
2076 8
1294 73
3629 81
3758 48
1592 94
3977 89
1006 80
4047 58
3852 99
1606 97
673 78
75 41
3101 40
2201 4
3015 3
3060 57
2448 35
3518 40
2886 55
840 20
2565 46
3764 29
2242 88
2528 10
2537 37
3883 58
352 25
3597 40
3693 72
1738 77
563 5
2769 33
19 21
1754 38
3061 3
880 31
243 72
3971 49
2051 25
1389 24
293 22
647 9
3300 19
3634 63
2551 5
947 79
417 16
1968 18
1048 95
1042 30
1316 13
3704 65
1219 45
2937 71
3917 85
2703 25
3781 97
3261 90
3274 88
3388 25
1188 24
3429 96
2464 30
3555 83
1505 65
837 48
2615 12
3628 18
2863 32
1902 52
3927 61
1750 28
692 2
1876 55
2200 89
3681 32
364 19
3878 62
833 73
2653 40
4081 30
636 84
3261 53
1157 22
3881 72
354 79
1544 34
3855 73
3488 98
4090 17
3348 93
379 99
582 57
3464 41
2757 19
2308 31
1073 30
156 43
3958 94
3374 75
4027 17
3858 30
1429 67
3396 42
2800 89
3438 28
3344 54
3543 14
2447 23
3174 28
3269 57
3663 42
3521 98
3666 28
2273 15
3085 52
625 81
2324 81
3803 79
3200 37
735 25
399 37
3122 85
3798 94
1565 15
572 74
1351 79
1891 62
3049 92
221 1
3992 28
418 52
3723 30
3238 23
3906 91
716 18
801 84
1494 2
1228 28
848 92
1229 87
2199 7
3118 87
357 66
1992 59
1965 49
1971 64
2354 65
1300 41
2351 72
3161 82
270 3
739 86
152 21
164 31
2194 53
3381 29
1275 55
1123 25
991 65
2949 5
1105 100
2290 22
1272 7
2906 80
1973 27
2718 81
2101 51
1502 5
921 69
860 1
1743 34
136 59
3628 63
2002 64
3367 79
1011 5
217 97
2183 38
1908 3
2099 38
2097 55
2408 55
3255 85
1919 16
3909 43
3595 57
2678 59
2259 67
805 77
4020 56
1965 22
2858 48
1727 20
2770 6
1552 91
803 85
3341 20
3330 74
3176 55
2404 29
2509 59
1688 66
428 81
4016 40
3152 6
1007 51
2680 43
3010 54
140 33
3175 27
886 88
3986 89
2075 44
2354 14
2041 22
222 30
1289 55
630 28
940 8
2179 32
2513 86
2420 61
3877 43
1526 40
786 46
1172 43
1103 5
1314 35
354 32
1265 60
1164 67
3206 95
587 94
1812 86
2561 19
3253 4
271 9
2359 30
1978 45
2859 28
1507 56
3820 74
1044 12
937 9
1421 12
955 90
145 6
1986 28
3551 48
1405 58
2134 57
3978 6
2122 8
794 9
3401 29
1463 10
3882 1
3730 36
2379 52
939 65
3502 29
1674 64
779 57
2681 32
3696 78
3010 31
1779 20
646 91
2082 60
1506 16
275 78
2733 9
2089 27
3712 77
2815 42
2399 31
1927 51
2612 83
3231 5
3663 11
787 52
3220 52
189 98
2591 47
1265 45
2067 55
2257 64
3497 79
2014 79
2189 99
2895 24
1730 63
1367 1
1149 17
762 97
3813 49
433 11
2911 94
2719 3
3388 5
1741 67
540 87
93 78
2335 45
3787 42
682 7
546 25
2851 83
292 95
1464 93
3134 26
3902 68
2763 19
3826 23
2346 87
1761 77
3669 59
1307 4
3184 18
1692 89
3733 89
2182 15
454 27
147 10
3094 78
159 67
2472 80
4037 10
1073 16
962 76
2454 33
1077 54
2638 80
1858 20
2866 92
1336 72
3899 44
1677 72
1078 77
3380 63
3394 66
2117 33
1399 11
3920 33
4060 68
2017 6
1702 34
143 67
936 55
1658 17
3246 85
3957 55
3707 63
1666 10
3263 62
2795 95
975 30
2271 62
2561 15
166 65
960 20
2751 99
2731 7
704 13
3086 80
390 48
217 77
3129 86
3295 61
3587 47
910 40
880 17
3227 90
806 74
2417 68
3850 76
1397 73
1699 78
3243 9
3066 90
3947 5
1012 36
3503 44
3858 31
863 77
3076 66
126 14
2370 38
33 74
1397 60
298 49
1388 20
555 79
3781 8
1828 30
2853 49
236 17
1990 83
521 7
3201 3
2818 79
1857 1
2285 23
3639 68
3539 2
749 26
1677 59
4051 4
764 91
3843 80
2749 46
3327 79
1410 30
363 40
3908 86
3529 18
2219 59
821 95
253 19
1033 28
1585 66
2378 20
3889 82
721 60
1741 24
668 9
2652 18
547 13
272 61
2585 38
1370 11
3157 63
3484 4
3361 41
3169 43
3066 3
3601 83
3041 17
3225 42
3934 91
3561 74
237 31
3958 10
2715 92
594 28
910 13
1496 70
1953 10
2137 62
1762 93
130 88
3998 86
2808 34
3382 21
2327 61
3839 88
1548 28
2971 16
2007 87
1630 40
4007 28
3898 23
791 81
2111 3
2876 98
696 48
1456 14
539 46
3031 67
233 72
2085 47
3398 27
2645 53
3237 25
4004 22
1168 37
2695 60
1675 72
1656 61
2385 10
1763 79
3447 82
861 52
72 39
2869 7
3865 4
479 60
1550 28
1108 55
1140 47
386 25
2691 81
749 10
3891 35
1703 61
3717 10
2595 55
3457 83
982 100
1018 8
2674 47
1530 80
2817 37
1066 23
2512 11
3183 14
2443 51
2175 13
2783 5
1237 30
2276 11
2138 75
3797 65
2647 94
1088 3
644 67
194 49
2022 60
2157 37
2042 66
3308 4
1826 51
3324 95
588 91
82 53
3528 94
2975 8
2955 57
2766 17
1340 59
195 13
2766 90
3308 16
3532 22
1891 24
2309 82
2699 32
762 87
429 23
2336 67
1831 68
1701 18
2466 71
113 6
3670 73
581 4
2266 40
561 59
439 97
3517 2
171 26
1058 67
2596 91
269 39
3124 86
2820 44
3410 62
1080 90
409 52
2569 3
448 52
1832 68
3307 88
3210 82
1309 55
2700 25
2610 17
217 45
3179 92
185 57
390 12
777 68
3016 98
1186 7
317 99
1981 65
1259 66
3884 88
3170 44
1631 78
2048 65
334 22
583 1
882 86
3798 23
3618 66
2191 33
504 21
584 27
708 39
2650 86
1268 61
2630 26
999 47
807 97
2421 78
3423 46
2518 21
594 1
2731 87
41 46
271 61
275 48
3384 78
1902 26
1136 10
3509 73
867 5
1533 19
3628 7
2291 53
3365 41
1940 16
3065 94
359 21
503 70
1931 7
2176 35
145 78
2911 82
2232 71
3100 18
3387 93
422 76
3334 35
1705 50
601 25
307 33
2152 82
750 3
2166 43
740 50
182 91
1828 83
18 39
3589 55
1479 56
2371 19
2414 14
819 16
3541 92
2300 5
3000 17
1468 39
1089 13
965 43
660 55
2430 56
1292 3
745 65
1903 53
2817 50
1525 76
873 32
1297 96
1682 4
1080 45
758 51
1670 51
2457 32
3550 47
2770 14
986 46
1818 43
896 30
2976 58
114 13
1458 4
2310 29
2202 49
945 91
223 9
2155 74
993 62
681 90
