3384 90
2393 25
3230 66
3504 19
3871 31
2557 3
3649 26
843 99
3727 100
2565 67
852 25
243 61
1745 90
3982 49
2749 25
765 62
936 34
1384 18
3692 12
3509 15
3278 11
917 15
368 52
3662 8
2079 58
3426 54
565 91
2317 55
3857 45
1381 49
2293 98
3068 55
2776 71
2613 17
2373 24
1463 25
2635 20
2292 84
2556 94
2450 52
3850 2
2269 29
391 86
3770 97
2585 43
1481 2
1652 72
639 57
1875 33
3999 44
930 35
4015 13
2914 42
2381 18
2526 20
3602 5
3482 56
2084 78
372 42
3682 43
3696 11
1724 13
881 75
3488 85
97 38
3875 73
1663 17
3199 23
3096 53
1957 98
1672 57
2622 88
86 70
862 5
3124 80
1089 19
2525 2
1005 43
3301 4
1202 52
2258 53
2965 49
3991 41
2355 45
3781 74
2043 69
3956 96
2839 39
824 79
3974 63
316 7
2134 74
2644 25
3564 33
1480 22
1188 12
3279 65
3177 84
2760 63
795 46
47 26
3777 41
2059 15
3501 10
1439 27
3384 25
3249 77
2934 38
62 38
2214 95
18 72
3810 2
1680 10
1874 20
3648 83
602 56
2942 19
3780 71
760 7
1862 92
2557 15
3415 94
3778 82
1496 100
546 8
1753 44
405 42
2619 46
3107 18
2199 26
803 22
2870 35
466 60
3661 95
1695 22
50 51
700 36
301 32
727 7
2993 90
1329 82
2005 41
1966 97
3204 22
464 6
493 38
3128 83
2185 51
420 46
2243 52
1891 89
2737 68
926 12
131 75
549 11
1994 79
2107 14
1379 76
3804 33
2987 34
1500 72
2175 91
1150 77
3611 84
2478 74
4095 81
231 82
459 54
379 46
128 86
2614 72
1437 60
2690 8
1341 72
3490 41
294 53
2502 84
2526 78
1720 71
889 38
3452 33
1988 50
1909 88
368 100
2499 72
1819 14
2002 100
3956 2
2384 23
3814 66
1653 68
179 7
2828 78
2471 14
2409 53
705 10
1979 82
1656 5
752 58
2507 57
2452 25
1093 4
344 55
1462 94
399 64
3938 94
3326 9
1612 10
2803 63
2367 28
1740 18
657 42
3050 37
2860 80
1848 17
1764 24
276 72
335 67
400 37
3909 36
160 54
3943 49
3932 11
3549 29
3998 74
96 1
605 76
2760 19
73 11
1721 44
2071 26
1367 54
1793 77
3472 71
1907 41
107 39
668 25
1836 52
1489 11
1580 63
2104 16
574 41
2601 78
677 71
1989 20
2433 82
3944 34
1720 83
1740 33
2922 16
924 62
389 38
1908 38
880 37
394 40
1749 74
3625 71
3018 13
2082 11
2502 78
2651 74
2447 8
402 5
1876 3
1286 60
3821 35
1170 81
1899 15
437 90
740 58
931 2
4084 81
3010 38
1723 14
2826 18
641 90
3240 42
1433 67
1293 4
2567 88
376 9
550 39
1690 77
3445 80
874 82
2633 74
2800 17
941 42
3248 16
2820 77
3399 57
1196 18
1983 20
2205 77
3836 32
1593 8
1971 65
1536 47
1749 71
598 7
2718 71
2810 36
2196 6
1800 65
245 41
3471 67
4069 12
1426 51
221 90
3322 82
3123 27
2270 12
2143 78
1755 48
1390 85
3614 58
363 99
552 31
1518 1
1666 32
2678 68
687 83
609 17
3600 54
2061 70
3727 14
2105 80
2850 66
1259 66
2109 85
2854 94
1949 93
71 37
653 70
3720 36
1358 89
3565 4
210 46
3240 6
2581 31
1142 54
746 66
231 58
3981 58
1128 94
2230 1
1982 66
1588 89
572 13
374 13
2 85
3972 10
2237 35
3014 75
3925 27
2219 36
422 39
1481 90
593 78
1392 73
3660 6
3017 31
2702 65
504 68
3505 96
924 57
1450 19
2487 32
462 9
1236 1
49 6
2854 55
3819 60
1227 86
2289 94
1594 9
3738 31
2470 50
745 87
1818 93
2589 2
2855 69
2519 11
1113 77
1411 14
1129 51
2649 27
3184 78
750 70
1044 38
1300 37
3778 87
2092 81
85 91
1746 64
1349 93
2957 74
2342 11
1017 56
102 52
438 67
10 55
2465 92
4074 15
3365 71
3101 82
3353 5
3905 68
899 32
2401 28
1701 70
1788 82
1667 54
956 89
1420 8
3284 41
3540 71
35 61
2537 68
939 57
2344 91
2253 35
2398 48
3726 1
1571 40
1083 87
3696 68
1975 24
1256 15
1630 24
2548 43
1844 39
2023 80
1459 73
1274 30
149 61
1427 38
4030 28
1264 72
1813 39
2823 52
3888 98
2399 4
2678 34
1519 54
1797 90
1508 14
2404 67
485 22
3394 36
2110 65
3675 49
419 81
2606 38
1605 92
2379 35
2135 85
3480 79
2893 84
3912 26
1253 60
2871 87
3137 21
4071 32
2008 62
2678 26
100 16
2686 75
3763 32
892 64
4020 56
221 61
197 71
3757 35
1159 43
2301 47
1122 47
37 79
3121 12
2554 89
3733 79
2446 29
2760 55
2475 42
963 63
2474 64
3623 9
2933 85
2100 90
3315 14
2780 47
253 85
2002 66
1198 96
2703 40
70 90
246 24
441 46
2526 62
2928 7
1180 60
1354 4
1353 53
1554 32
2468 86
1100 43
652 96
1882 99
1223 87
2477 20
3097 16
3586 53
2619 78
1424 82
226 46
2295 42
241 65
1273 10
149 63
3496 82
1326 50
3693 35
1902 88
344 53
3856 93
1583 3
3760 65
2449 19
3956 10
51 5
1769 23
3743 22
24 33
2205 52
3831 4
1625 37
1599 78
377 75
748 84
3034 59
2865 79
3321 11
2991 98
2888 30
530 67
3445 10
3221 60
1894 80
3808 50
2249 30
1908 53
736 44
81 48
1335 70
1853 33
3617 100
3969 6
46 59
1544 19
761 20
1287 59
3558 92
1306 48
581 63
2909 41
1932 75
95 54
769 99
2147 22
1481 97
2220 67
3658 16
1659 87
3601 94
903 24
817 73
2318 67
456 72
911 1
804 2
1985 83
2247 28
3348 100
984 90
1999 38
1439 3
3503 37
1452 34
1222 13
3292 73
3744 47
1710 85
2605 98
1551 47
3574 48
2050 80
1914 84
4068 51
175 19
395 80
3333 80
492 47
177 29
3783 36
3001 25
784 29
1083 84
3448 56
2001 69
1725 8
3024 50
630 88
1732 70
1772 36
2739 98
2241 79
1271 19
3029 87
1911 88
1419 77
3215 95
571 63
3705 39
485 8
3529 13
1622 90
2441 2
858 35
1199 19
1357 70
2987 21
566 99
1100 15
133 69
1506 44
3754 99
1419 76
1799 18
1808 27
2331 93
829 42
532 20
2323 100
1758 71
1439 44
491 35
3026 50
3330 31
1054 78
1514 6
2925 25
2844 52
2962 28
3761 9
1649 13
276 74
2885 16
2290 79
2568 34
1297 57
2822 30
2083 81
1185 2
3637 34
3181 62
3101 52
1753 34
213 48
3940 14
213 37
2121 91
1081 1
1525 35
3553 17
944 50
3197 61
2618 21
3900 1
145 60
1368 46
2920 89
2242 44
3136 35
3235 63
2412 2
3819 81
2797 88
3148 55
3172 94
1580 13
2191 20
1512 57
400 85
2097 72
123 76
1229 46
220 31
3695 26
1878 86
318 41
2530 82
1868 24
868 87
3902 72
2815 85
3061 90
2476 8
2613 24
3164 64
3866 82
771 85
3546 77
832 40
2163 10
3961 44
2224 11
651 65
2059 23
3876 93
962 72
1547 17
3191 13
2694 13
414 51
2395 35
2067 89
2630 62
2147 29
2580 98
99 82
2438 96
2149 56
2995 78
2825 44
410 56
3556 94
940 59
1118 84
2909 9
2588 25
1148 49
10 12
3020 68
2775 78
336 83
394 16
3633 100
1420 71
814 15
993 83
2000 30
2267 91
3240 21
3269 69
2438 87
1267 28
2729 52
9 67
219 59
4058 66
1701 84
3262 66
1358 45
4054 98
1227 58
4031 52
3792 28
972 8
2017 82
1136 34
2836 48
2680 77
1742 61
1668 94
339 95
1576 75
4089 12
777 51
1007 60
2429 63
3863 21
1606 40
2235 99
258 17
3630 52
3273 54
865 8
2010 54
2465 46
3656 36
3000 13
686 27
1170 53
548 64
3578 32
3186 26
2572 38
1508 51
2701 1
2427 52
1206 39
619 73
1660 84
1840 59
2894 47
2008 23
2295 35
1427 12
2649 60
2560 40
2553 54
2600 67
228 69
2091 57
1440 52
358 87
2744 84
2405 86
2257 61
233 16
3561 6
582 30
1983 52
28 44
357 96
2451 41
3311 21
944 82
1812 50
2987 36
3079 17
1214 75
417 65
3273 45
2228 9
696 88
1680 91
3511 77
1528 93
3631 25
3945 59
1003 90
1843 37
3299 33
3500 60
3164 36
4065 71
1964 13
2415 49
1086 51
1432 5
1223 42
3847 98
2289 88
489 74
3861 43
3399 77
1422 77
1050 52
1168 30
1526 75
1873 3
899 34
1408 51
2497 30
2835 83
1402 53
3188 40
2791 83
2588 20
294 58
835 92
2278 25
695 70
20 36
3838 98
1330 93
3488 37
1891 50
2352 5
2800 70
1154 78
2523 84
3831 3
3516 53
3249 64
3283 7
262 31
467 75
1467 30
3610 49
3802 69
528 99
660 4
2571 94
805 6
289 63
2437 30
2983 14
1777 31
3166 92
63 26
1100 91
3735 52
3478 41
1359 32
3842 99
1641 33
1350 73
2395 27
3838 35
1203 52
218 13
568 43
3074 98
1121 63
2938 81
226 61
2495 68
3394 87
2702 84
1560 65
2415 22
266 54
3225 79
2953 4
1432 25
1033 66
3700 70
1571 5
475 39
3005 95
2973 78
1871 71
1079 38
1796 24
2190 93
2236 7
4081 85
643 34
233 41
2903 3
1824 19
1748 61
3461 81
2478 3
911 81
3379 22
2969 27
134 77
2608 77
2937 18
1268 70
1922 33
1098 93
2172 87
3134 51
3785 75
1686 52
2110 73
1690 77
3437 100
2658 22
2208 14
3167 26
2188 66
2218 40
3088 7
1243 89
3886 26
2895 73
1041 93
2141 4
3371 7
1582 77
2973 64
2238 82
2181 24
1542 48
1119 30
1207 85
1989 26
461 23
3451 97
2559 98
2131 49
1565 9
165 57
2856 72
814 53
373 85
2658 94
441 57
771 69
1550 22
529 71
3450 97
1880 85
2565 92
2568 62
2571 17
1370 81
3786 91
960 70
3102 25
1074 14
2685 13
1234 3
449 36
2627 91
2654 98
1440 90
3491 78
3044 41
3725 79
2281 86
638 81
550 63
3254 18
1342 73
1324 18
2174 64
808 65
2041 38
51 47
3346 30
233 37
2714 17
3841 18
2695 45
3804 71
595 43
1883 80
603 8
1478 62
1116 76
1344 65
1949 11
3120 56
2101 45
1635 77
3611 80
3371 69
2744 90
3534 48
3942 67
3629 41
1996 2
2945 58
2548 83
4058 2
3720 7
1147 66
2739 56
2384 40
1948 46
2936 84
2974 25
3335 78
1489 24
2413 95
3419 51
610 78
2886 86
1025 36
2978 84
1419 71
2389 10
551 6
1188 25
1136 26
1091 66
1572 16
334 71
2660 23
2067 60
1819 79
911 95
3432 3
853 25
3719 56
1526 87
3608 59
2202 37
2066 20
1586 1
1677 20
1701 81
806 59
2358 17
787 12
4066 64
1112 93
920 48
1677 14
2789 67
3167 21
3019 48
2635 79
3119 99
1400 84
2858 43
1117 23
2510 64
351 28
641 11
1866 90
2884 33
1480 3
438 83
1714 90
2897 7
1429 61
916 72
1755 59
2756 84
3983 61
3254 35
1405 84
2433 19
3322 44
1617 31
2112 22
3310 59
3475 57
878 82
2976 68
2543 87
398 27
1115 13
3591 68
3306 26
1375 33
2176 93
1213 59
4036 62
3756 70
134 61
2467 9
130 81
475 76
2479 76
754 32
1608 44
3985 54
11 8
12 55
1828 26
1716 73
2193 21
2596 56
398 2
749 21
3190 90
586 86
1314 91
2218 59
2567 56
1716 69
1577 38
2053 68
3400 58
3889 69
878 1
3466 7
1992 23
3056 58
3163 3
150 55
1009 28
1372 81
2724 15
589 9
1893 1
1747 66
3640 97
573 13
3625 10
2332 55
1173 36
3407 84
3296 46
1837 76
199 68
630 87
1208 16
2383 100
151 77
3910 20
3676 2
68 80
93 24
2841 2
3867 79
2274 73
1825 10
2569 85
3501 51
3811 42
2290 18
2438 61
569 11
3498 96
661 66
221 9
2493 47
3370 31
1393 6
1388 62
413 86
83 6
1169 48
3270 49
2632 45
3407 56
3576 7
1623 2
1244 82
1747 23
3020 94
12 56
1491 93
1035 39
3172 87
2174 35
2651 84
3687 82
2255 89
1532 5
3552 42
2272 2
3216 98
2075 78
3626 59
3723 84
3724 85
886 36
297 57
1607 2
2743 90
2586 33
1913 14
3295 43
2654 20
613 58
2584 84
2608 89
3358 78
2524 57
3092 45
259 96
1603 97
2235 10
2188 16
28 39
363 80
2582 87
2960 79
638 58
3397 38
3533 74
2846 76
1894 41
2417 24
3435 75
3848 55
1842 60
978 94
2143 53
1584 50
3276 93
2486 88
1725 85
3571 75
3221 25
3756 9
1961 18
1134 35
1641 4
1921 93
1665 49
3978 13
2178 89
3949 85
3012 53
1147 21
2810 88
1041 33
1996 93
2341 100
1294 16
2916 41
3752 16
3184 95
3711 75
1476 94
2375 96
73 59
410 5
3343 9
3476 51
731 27
111 83
2473 30
2239 51
2273 78
571 64
3934 98
3620 80
2075 47
460 6
1785 52
496 31
296 72
2505 24
88 84
2259 17
928 7
3032 67
215 51
2128 78
2331 93
826 18
3339 55
1790 74
2945 9
1584 3
3335 87
3578 41
1202 89
665 51
877 96
1196 6
2617 98
1171 40
1618 96
2115 28
1608 27
2129 51
2278 92
3921 75
1500 50
2477 82
1329 86
101 27
1892 67
3205 83
1553 94
936 62
359 43
2123 29
3363 15
16 69
4020 87
1836 45
290 27
415 43
2675 69
512 60
1977 82
1060 14
184 58
3507 37
587 94
3224 75
1871 99
372 39
1269 90
1191 51
673 95
213 71
3903 80
3848 32
2302 7
2981 89
1962 63
1951 28
2035 50
303 90
1700 83
3650 68
1388 40
3963 89
167 71
146 22
984 44
2809 62
285 55
785 12
2064 55
1528 16
649 62
3504 40
3467 93
3172 93
2959 54
2601 98
2112 100
2648 57
1794 63
3104 65
3177 75
2608 44
1856 49
258 48
2499 53
2122 14
3686 77
160 62
1455 96
1907 83
860 19
2620 27
253 42
3760 3
1094 74
1182 5
2938 68
2520 98
3499 79
2440 63
1525 65
1238 2
1756 57
2250 31
918 75
2229 76
1600 20
3259 55
4042 47
2310 87
3167 80
2574 47
586 13
2529 83
3968 14
124 73
3004 72
1971 54
1719 6
2181 83
422 2
2542 54
333 45
3648 10
1972 31
2198 6
1267 83
3148 32
988 31
486 59
335 64
2795 25
3845 67
4005 11
3264 34
1577 11
670 90
1800 53
332 42
112 92
632 79
3471 92
2861 32
580 79
3194 11
713 96
2054 66
2774 20
192 45
1506 3
3341 15
3946 23
3918 41
1122 92
2928 11
1707 30
4008 7
802 85
1552 51
1131 63
564 16
934 89
1150 16
2686 68
2258 11
2964 37
1908 55
4032 54
3368 47
603 26
3033 80
490 7
2904 94
2162 89
3869 53
2151 23
1270 5
3150 21
439 69
