2674 20
3921 77
73 31
4 79
3216 48
1593 21
1996 42
544 9
466 42
2241 76
1777 87
1846 14
3652 94
95 47
2991 27
2998 19
1861 75
3689 44
3445 13
1844 56
1743 59
1080 84
3847 57
413 94
3653 18
2653 65
3934 92
424 97
910 12
1180 33
1764 37
1307 16
2408 86
914 47
510 36
2457 62
1668 71
3828 57
3311 7
2771 9
1866 28
294 41
3722 30
3511 5
3104 97
1568 92
2153 73
3542 62
2910 4
3719 99
517 14
3262 44
1033 84
474 8
2928 8
3408 56
3723 22
1956 95
1604 32
2969 8
529 67
47 31
3936 30
826 63
2776 53
1121 95
690 14
3363 12
3555 46
1430 94
1981 34
1670 52
1490 93
2320 62
2600 96
2884 22
742 89
956 72
2887 10
2892 9
1437 76
3915 13
1838 17
2121 70
50 66
1133 24
3732 62
3697 85
1873 88
2437 50
1014 9
591 65
3705 32
1949 60
135 10
2206 24
1320 67
1383 60
2951 89
1656 82
1287 51
2880 83
1772 70
2933 14
94 44
3169 41
1026 83
3421 61
625 52
2010 90
526 16
675 29
704 46
2144 67
3577 11
303 91
112 57
3705 34
3456 17
3355 2
301 76
564 25
404 49
1440 93
970 49
2093 77
1613 57
2422 57
2631 79
3063 76
3042 40
3153 46
4073 46
783 21
3068 83
4048 4
1499 80
80 36
233 33
3678 46
1644 56
2299 48
3048 50
1681 91
3358 46
2197 39
3906 79
2268 8
2955 88
1672 22
3177 20
884 93
2905 88
918 22
2576 20
1681 53
1976 72
337 53
480 42
3183 88
1614 55
1330 39
1436 57
645 59
446 67
3750 53
3422 21
307 71
3766 96
2345 47
1335 32
1794 86
151 40
3229 85
3901 30
3412 93
2242 42
2356 70
1062 85
3581 83
1534 85
1496 14
2293 45
3246 34
546 54
122 15
1981 51
3319 19
390 34
3486 1
3377 55
2487 9
1800 87
2765 31
2624 77
2957 23
750 76
1685 35
3958 17
2360 26
3958 94
634 49
2678 64
315 21
2118 64
585 19
3119 54
3573 74
800 98
3659 46
426 31
170 18
359 92
2926 19
1048 49
2216 46
304 37
558 88
3249 70
3973 11
3170 12
1775 59
1743 95
1380 71
2551 55
683 53
1061 42
3276 97
789 75
1785 35
2213 98
1366 73
2328 52
1331 26
3911 32
128 33
1879 94
2327 98
3877 35
1849 47
529 92
4049 88
3846 31
3986 66
1016 20
2056 2
231 45
399 56
3453 45
4044 41
2259 68
3543 55
3884 15
3489 67
3161 36
162 88
3115 17
118 76
2254 69
1246 17
917 43
3669 87
3693 8
2567 76
1616 91
2946 61
631 90
2395 16
527 45
393 14
2561 18
848 37
3797 25
301 59
1619 41
2275 54
3240 39
2505 5
3038 11
1664 84
3210 50
1327 98
1910 8
3070 78
3290 46
2320 9
553 65
3891 96
4017 76
14 21
1693 30
2928 47
1570 67
3690 90
3977 16
1327 51
3558 59
404 74
647 3
360 71
727 11
2819 29
2595 42
2339 21
1457 54
1835 91
3826 71
3521 35
1394 61
3419 46
2902 82
2528 71
743 89
394 49
3246 26
2922 93
1959 9
1789 24
391 30
491 8
1326 27
399 21
3567 34
818 32
2077 87
285 75
3220 84
1792 54
951 79
2550 42
3310 32
591 42
2529 40
2245 20
3702 100
807 21
3779 82
2877 66
3489 87
2949 59
4091 73
1255 71
1514 83
551 17
1393 19
1204 67
728 20
2507 48
3585 57
2918 7
1785 52
2306 87
1580 26
2682 28
2773 84
2632 27
729 10
1940 98
1974 63
1237 85
3998 10
3568 93
724 94
2811 83
3503 92
679 73
607 31
673 12
730 5
3116 32
927 12
1144 19
4057 85
1905 61
3713 56
3791 33
553 10
1375 45
3144 1
1042 60
451 93
838 11
2261 41
553 37
158 59
239 68
3276 69
3757 58
3272 13
2813 17
2111 63
2752 100
1408 91
2666 23
3491 8
1189 48
3102 8
2272 56
2959 31
1917 95
3055 41
3100 64
1223 30
307 72
708 80
1557 24
1684 7
1535 32
1483 49
2920 48
1754 72
3067 11
3711 95
1240 4
3041 81
2322 63
2252 48
1449 16
3971 74
3476 68
892 67
1284 49
969 35
2696 9
3825 48
2910 81
4032 88
476 9
1986 97
1248 19
3229 31
3883 92
2594 54
2757 24
866 92
266 86
2570 19
71 5
3032 96
3900 8
3426 66
51 54
3976 49
3979 76
2318 48
1150 93
239 34
659 78
1735 20
1326 39
3141 53
1031 48
3311 66
1618 41
393 66
3881 10
3058 81
602 2
2050 30
3903 55
3558 16
2672 10
1099 33
1503 90
2472 24
2501 42
2304 77
3384 10
2960 69
362 7
2892 58
2179 59
1863 6
3205 6
570 55
908 24
3604 11
2346 69
583 74
424 1
3821 23
2987 44
2136 6
3796 95
2243 65
3506 8
698 45
1138 83
2308 2
2967 94
1533 28
3640 76
1019 33
3427 15
2609 53
1560 56
1450 67
3642 74
2128 83
3728 52
1350 63
3735 88
3290 48
3927 32
588 51
2410 99
325 31
689 5
384 73
1287 27
2962 8
2384 2
956 46
350 44
1917 43
2232 46
2481 88
1405 11
2103 42
3467 13
1020 1
2420 24
3083 35
3329 20
2040 96
1349 17
3681 13
3286 33
2566 95
1113 95
418 50
354 55
1514 60
3719 35
2323 30
93 88
3886 15
113 68
1769 56
3847 49
887 94
1624 63
4030 84
3021 86
196 40
815 78
854 41
2562 60
42 24
837 6
26 24
3885 40
2332 45
3251 59
2926 39
1912 63
2317 59
2183 74
1275 83
1172 74
3823 49
1135 38
992 68
314 40
638 27
1065 66
269 6
2055 11
3912 46
1736 37
2643 92
284 7
577 33
1704 18
2101 50
1344 95
295 78
4011 87
2650 65
3211 3
900 88
348 40
2367 56
1900 12
709 47
2453 79
2947 26
2579 62
1564 49
1267 70
4069 5
2066 20
2823 21
1887 33
3726 95
133 21
149 42
330 67
1214 96
814 78
2725 39
1486 60
395 28
1029 50
870 55
2928 51
3881 97
1607 58
1234 62
2475 92
1741 63
754 66
1440 23
2815 49
2025 16
972 26
3375 93
1268 97
816 23
2168 99
2564 86
1897 6
385 15
1369 12
3624 75
2461 50
1496 40
2231 94
944 56
3689 32
209 9
2561 19
3183 12
114 23
3266 60
704 33
3837 28
437 80
178 5
1084 33
3581 67
90 98
3976 60
1525 94
3418 8
367 89
1915 85
3961 70
3304 1
67 82
2615 45
3437 29
1183 49
3930 48
1966 4
2466 6
1013 23
2932 4
277 69
212 23
1528 77
1163 41
3748 53
1891 71
1287 80
1640 25
233 41
505 20
1683 79
1137 37
677 19
3427 69
930 28
2758 18
126 50
278 47
3043 29
1074 29
3998 71
1837 90
2524 16
214 40
1731 27
878 33
1733 43
3026 42
120 100
108 96
3321 82
3902 100
3237 80
2669 4
3588 67
1725 82
990 21
3631 59
2007 36
3744 42
2621 39
3503 99
1942 49
440 7
1673 26
1388 26
3625 3
1834 13
1502 23
221 82
514 95
164 77
2832 25
2444 26
1367 1
2638 51
978 72
1309 44
3141 34
4073 85
3459 25
588 70
1883 89
78 12
4002 80
3451 30
3611 66
325 80
1818 40
3920 83
1296 43
2440 6
4094 20
1891 76
3879 45
1362 29
341 41
3431 27
3901 67
2464 60
822 83
3544 40
1123 60
1248 74
3181 13
4071 47
1372 8
3788 34
4093 67
1904 17
2166 68
1304 52
1855 35
2177 61
1310 27
3491 78
1129 95
1587 20
3801 30
2011 77
1079 59
2827 80
784 12
2395 82
1215 31
662 64
1928 50
766 92
3055 25
2585 32
1929 31
3715 19
2934 64
1578 17
3721 96
3180 46
972 51
1657 72
397 79
3709 59
1358 37
3707 14
2894 61
2959 17
1509 40
917 58
816 39
1656 16
4011 96
2445 61
640 15
1196 48
118 8
220 32
3669 94
3502 94
2416 26
2570 62
853 34
2588 86
3021 14
2165 14
1712 39
867 47
2015 54
3570 5
2257 94
368 25
2807 2
1574 93
3436 27
1332 74
2846 35
3311 49
2876 49
3354 34
63 91
734 94
3526 44
1105 46
2823 36
2757 47
431 34
524 95
1019 74
1813 95
3901 74
2689 19
1034 34
2306 94
3289 89
2247 22
3105 10
404 44
3320 3
238 48
535 42
1911 68
2077 20
3194 28
3389 16
2585 70
2563 69
1449 63
2370 14
3357 90
1560 14
3766 67
3138 79
2961 12
2394 44
266 96
756 40
3024 25
327 46
3294 63
834 49
3566 47
1149 21
3181 11
3685 59
2739 56
1286 9
1878 14
3966 25
2853 12
1210 69
3674 21
3143 27
1289 95
1267 44
1940 2
1558 72
586 4
3741 88
3599 9
716 28
3848 93
2476 2
1913 59
2079 29
3702 80
1167 50
986 88
390 91
2234 39
3959 16
209 10
2501 8
2380 76
2006 68
318 59
916 84
802 36
3940 61
383 1
3004 69
127 78
1893 93
3095 72
4072 83
3841 28
3766 52
672 71
1424 46
4075 39
3874 62
4053 48
2398 100
541 17
724 10
2049 40
3107 93
1839 78
1799 32
851 3
3921 1
2536 47
2764 77
637 27
3901 63
1614 57
653 75
620 19
242 41
3947 7
770 7
3934 99
3916 59
3145 59
1925 11
692 14
2019 3
3506 95
1775 70
1396 29
207 98
2907 17
3451 42
1064 41
3372 18
3045 48
3609 12
1655 97
1339 100
2365 9
2680 22
1977 82
1506 9
2925 34
3567 99
2107 66
3025 41
185 34
2311 43
469 94
1889 31
3273 81
3996 66
411 90
580 15
542 38
2163 74
91 45
1852 29
3122 69
2218 73
2380 47
3428 21
3875 100
1156 42
1376 80
2416 1
1055 33
2054 99
773 14
4041 48
2383 100
2123 73
3249 49
3066 65
3470 95
1829 42
1713 79
3625 89
841 65
3118 67
3700 45
2203 68
2112 39
2892 25
3085 82
767 92
1195 5
2048 52
4094 39
248 94
992 68
954 36
3760 61
2079 59
1913 63
3348 34
3347 48
2984 15
532 24
2676 11
2628 53
1675 51
1255 55
6 75
850 40
289 3
3231 25
1436 63
1822 10
1164 85
3261 9
3610 98
3940 57
254 68
1113 59
119 67
2857 56
1476 5
679 70
2318 76
52 50
3397 31
1721 1
592 11
261 26
2180 65
677 32
2631 89
3512 33
1811 72
710 55
3174 27
2119 24
1912 16
2062 29
3285 69
3842 83
3022 68
3997 57
1393 100
3410 2
3859 91
2833 32
1684 72
3756 91
2196 62
1332 7
3781 38
1892 40
1063 91
2879 44
1393 89
2172 26
1474 85
1644 83
1825 80
4087 70
2811 15
3800 98
1116 70
1036 71
1667 5
1254 79
1205 44
2136 14
1562 75
2690 28
1704 87
1640 96
3930 35
2354 39
1599 15
3189 74
1874 25
1927 28
2699 87
709 60
2031 12
458 80
3902 45
2129 86
2017 34
850 44
3446 84
965 53
3546 46
3265 96
12 75
3692 80
1248 85
593 66
55 88
1643 75
1784 86
51 9
1655 78
1017 10
2959 25
3279 38
3150 74
2290 92
1762 50
3880 79
261 67
1447 49
426 20
2244 80
2774 100
1233 64
3945 61
3428 70
3588 67
350 48
3935 3
2646 67
1138 16
2609 59
2445 24
1166 38
1374 72
1788 97
151 45
2003 18
742 22
2913 44
1337 48
3825 10
290 98
1637 38
2335 70
2707 76
1081 35
2731 83
2302 64
1291 89
704 25
3310 12
2238 48
3126 75
2685 58
2379 6
1820 93
1601 58
2856 58
872 26
1353 79
1214 46
3473 40
618 97
1851 83
3993 83
2392 78
3517 55
893 23
1478 14
1701 45
3117 71
3348 24
3620 88
1853 45
3486 57
934 20
2089 79
1800 30
1409 66
1167 58
298 9
668 48
2827 23
1838 32
1447 96
2577 70
1595 8
3961 57
3010 16
2181 66
1589 13
471 69
94 85
614 49
3381 6
608 89
1046 86
1416 89
1602 39
2394 20
2437 93
3502 79
1343 46
3593 71
1808 83
2508 78
2068 13
35 55
886 22
1269 51
1232 3
3328 82
1731 28
3025 7
2788 53
1753 25
3829 58
2422 15
489 95
3676 33
1428 61
632 29
857 73
3243 81
817 22
453 77
2950 27
3495 4
1359 85
2571 88
2476 95
2257 33
3043 7
738 20
728 10
1599 35
3296 55
2894 21
2686 31
295 80
3656 17
3305 33
3072 12
130 61
3606 57
2762 23
657 77
1452 16
2528 28
999 75
139 57
2108 27
3159 41
1361 47
845 1
3407 13
1318 16
230 71
1635 10
882 98
1343 64
1996 58
1289 75
859 41
3960 74
3963 82
3070 33
3085 44
1021 66
2758 44
422 54
2690 9
638 84
3742 39
2337 86
3910 20
1503 73
3017 4
272 64
428 28
2835 38
2525 3
3237 32
35 79
603 6
2963 79
3330 96
2604 13
2746 68
285 10
2341 98
2825 20
2042 20
1943 27
933 73
1097 41
2220 22
130 21
3634 34
93 53
3580 30
3765 12
257 29
331 43
1335 89
3145 68
3311 99
1266 4
1404 80
1499 60
918 60
1216 33
3714 31
2010 100
1248 70
2819 100
355 64
1649 57
1019 89
1803 78
2481 25
894 33
1570 10
2694 100
3345 53
2046 88
550 13
750 16
1258 6
2558 48
3283 71
226 61
1116 1
1883 91
1953 72
764 22
2884 38
3208 30
2660 69
969 78
2921 88
3818 37
2033 98
3702 57
1240 36
668 66
3650 77
2059 24
2599 100
11 79
3004 85
3351 57
4070 4
84 8
3946 60
3815 32
2204 7
3075 13
3282 52
3277 67
2249 36
1327 15
3413 50
1547 25
3463 27
2726 4
3139 10
453 95
2774 16
2976 10
874 6
2600 66
208 35
3007 54
1774 51
3001 19
1412 67
3392 1
2162 50
944 38
3711 53
3282 18
3659 31
2040 57
2695 81
3404 94
1934 68
3386 51
2943 62
4066 85
924 49
1877 100
1659 76
2640 98
752 9
1455 59
3869 45
3325 42
3302 82
319 43
2795 65
477 46
3503 79
4015 2
3633 85
1848 33
1418 64
1565 61
3072 50
3908 20
1818 31
3593 53
949 3
3426 42
2375 21
4095 94
3661 28
749 67
2667 69
2892 69
3693 21
2206 98
1447 20
1654 71
3547 22
18 70
1723 32
1734 3
1683 28
2759 41
1507 30
2912 42
3787 42
3381 88
816 21
4081 83
3606 72
3254 51
3452 58
2972 95
3844 28
502 42
3375 6
2344 30
3355 21
1929 17
2181 88
606 42
185 5
1903 98
134 90
2566 75
3678 1
1203 35
85 84
2181 43
3461 80
546 72
2398 93
3299 69
1111 60
637 44
2829 42
4094 9
3747 28
2908 49
2896 12
2851 12
651 55
3016 44
3204 59
662 39
903 81
3112 39
4062 27
1059 20
2417 45
3885 99
3884 14
1064 1
422 10
432 6
2449 1
2579 5
3052 84
2649 36
3258 15
2048 78
1954 98
2353 66
3261 60
3486 57
2764 23
2630 30
2142 58
1885 93
3264 42
1558 38
2115 71
1298 29
1897 26
794 67
3889 99
2240 14
1932 50
4036 7
1229 21
2630 29
2878 41
15 44
2438 96
1308 82
2239 18
3752 74
3817 98
2022 99
1848 75
3798 26
3879 17
3216 8
3568 36
2705 59
90 21
2390 82
1989 84
1199 96
2483 66
3830 14
194 54
45 14
253 77
776 38
4041 70
3707 100
3609 40
684 25
127 94
2830 16
2125 47
3174 40
1931 54
2738 6
4090 21
3203 43
1219 2
732 19
711 7
3880 10
857 40
617 30
3636 86
3366 39
2553 71
1770 91
490 61
3968 9
2360 50
2784 37
2868 59
1671 16
1110 4
3591 42
673 17
3827 45
3346 60
2555 46
2310 94
1330 34
420 68
3656 96
2699 79
917 43
872 11
650 5
3072 100
1190 6
78 42
3725 11
803 60
3293 42
3658 12
4073 39
1444 96
3377 4
1385 90
1182 70
2696 1
2068 32
1844 14
2931 3
4007 19
4078 3
87 52
287 56
2544 88
3417 84
3137 38
94 89
743 8
2074 48
2914 67
1980 63
2940 76
3042 82
1110 56
1250 25
1239 21
383 63
1500 2
3075 65
798 17
3817 70
1232 91
2362 19
115 50
1394 42
920 88
1683 73
1879 82
498 28
3234 61
1871 58
240 55
3826 95
1909 1
1382 33
424 7
113 89
3343 14
3520 39
3368 4
2924 70
1711 89
678 46
3489 55
2495 41
885 36
2575 90
598 41
4015 4
1271 46
2217 32
1546 20
134 87
643 1
1832 7
219 2
2210 30
459 64
1575 5
3174 83
4071 100
1215 93
3089 52
3183 4
2173 99
604 46
3521 67
2001 25
3629 81
1354 49
1848 68
1005 89
1968 20
3237 17
326 60
2259 47
3318 36
444 23
646 78
2300 88
97 93
2759 90
3054 40
2758 75
1375 92
754 82
2405 43
3226 27
1857 1
3709 52
2555 20
3033 69
3747 76
1446 38
3294 70
1870 77
3358 49
2853 7
2841 48
2768 11
736 57
1954 44
323 10
1493 26
1651 20
3994 4
3607 63
1084 82
1671 62
3140 32
2718 66
1652 74
3952 77
1983 13
1258 68
2147 25
1839 51
1152 28
3569 83
3751 75
425 8
3114 98
2664 84
1374 74
2587 48
965 85
3426 89
1525 16
3495 76
3408 31
2387 86
3716 11
123 37
1120 13
419 5
497 48
225 90
1935 2
3196 82
501 6
152 89
1953 68
3091 79
2587 36
368 21
3957 85
3562 33
1964 46
3226 22
3542 54
2408 38
3212 54
3811 56
965 70
3242 78
3916 80
1690 92
1978 50
2654 59
1347 24
3326 60
876 24
591 55
1355 21
738 90
1661 12
3722 73
1302 93
3322 2
1169 95
3997 95
3984 53
3962 44
1279 44
68 37
3821 15
2827 76
942 3
780 84
1876 33
1219 3
12 25
983 51
1241 74
2484 52
2686 36
1550 58
2248 5
379 29
1959 83
4003 77
3852 30
558 61
3149 67
1297 29
1079 51
2853 43
2466 46
2971 1
646 16
1503 78
2567 57
2910 97
2166 39
1001 46
627 88
1197 4
2333 89
3436 77
3852 93
1559 9
1379 91
3588 48
829 9
882 99
621 37
92 94
3419 69
3543 58
477 56
1862 73
3546 87
3944 45
1368 50
276 86
2162 70
2380 58
3005 71
2055 71
3641 85
2287 57
2363 7
3339 40
2658 33
1957 65
2280 59
1345 85
335 55
570 57
728 88
2915 25
3363 19
2015 41
3859 98
2822 14
1146 97
577 99
1184 80
1767 89
1556 63
619 43
3768 5
621 27
1464 18
3213 77
1151 40
1406 22
65 69
2019 1
3458 65
3379 94
3349 60
1162 70
2272 77
2467 30
364 25
224 66
3387 70
1920 31
3868 10
3121 20
1709 22
2505 10
309 71
2792 75
2326 35
621 69
2573 61
754 60
156 60
2965 35
3923 82
3602 66
3361 75
3325 7
1438 23
1674 71
1846 76
1925 73
2381 90
2110 68
4017 25
3713 99
3220 90
1417 15
2791 45
1357 1
3720 56
1198 38
3584 76
4010 52
891 8
3340 89
3285 82
2015 74
1729 93
107 1
2955 85
3065 38
1485 45
1260 34
390 75
1535 16
859 19
1758 93
1690 53
1451 60
3302 16
2154 79
1674 60
217 80
1083 81
3973 21
3453 38
1171 18
2884 77
1628 97
1309 60
3663 86
2857 22
21 87
3613 88
2573 45
409 45
233 6
2908 34
356 6
2290 36
3622 53
548 94
3977 9
1200 66
2838 45
150 75
1426 71
1089 12
1580 29
1631 9
278 58
1516 75
1992 15
1945 15
3390 58
383 65
3907 36
1381 62
2574 45
647 44
3751 55
2295 11
572 30
2426 83
1477 42
3168 83
3061 74
1845 18
1345 90
2896 80
4026 7
585 64
417 70
1573 54
2886 74
1316 35
1413 45
3307 99
2552 100
2024 4
3521 70
3995 1
694 35
2817 12
1543 70
3810 59
1729 86
993 84
1755 49
2437 15
3031 65
3667 42
2462 86
799 52
603 49
412 87
352 33
3527 57
326 82
1037 68
2885 12
3900 41
75 94
4042 58
1815 98
2830 91
2232 55
3212 22
2228 50
3093 94
3158 66
2572 44
1989 93
225 82
466 66
1703 89
1284 30
2507 100
236 8
1610 95
