2611 10
1815 6
3889 65
242 23
519 55
3945 25
868 42
478 62
2596 47
1051 71
1775 72
534 73
2279 35
163 75
1652 98
1377 42
65 14
1937 9
3265 97
1350 4
3623 37
1867 17
1725 28
2462 49
1219 36
1750 6
3847 43
2209 1
1936 79
1798 49
3623 49
1999 47
1359 58
1133 95
3439 54
1657 98
3070 30
3916 4
399 66
3803 20
3716 98
1349 9
1242 41
3787 76
1140 58
2260 93
836 19
838 79
274 43
2221 52
2896 45
489 45
1828 12
1409 89
3649 48
1707 1
2652 18
811 43
1865 69
388 52
1481 41
3163 20
1039 70
1105 76
1609 71
1313 94
837 89
1609 49
1736 96
750 31
1906 48
3756 27
3128 12
162 92
3243 8
390 44
934 85
3202 98
3353 96
111 74
2684 95
2807 25
3258 61
476 19
3731 93
759 48
2614 35
3472 4
589 33
1143 18
1645 65
2069 75
2902 44
998 83
1074 46
289 50
150 81
1953 34
108 91
3406 66
118 22
3593 44
2768 99
766 72
3894 78
3003 86
1761 73
1548 3
973 16
2518 26
3454 12
2561 43
2494 59
3827 26
128 35
3639 82
1045 93
1043 72
2511 3
33 65
729 100
402 75
1751 53
284 37
2489 50
1069 10
1993 96
614 61
2537 87
1458 64
357 4
3997 83
1964 2
71 33
405 14
455 40
3108 30
3219 61
3438 17
1125 28
323 24
3799 99
2992 29
3283 5
3073 91
3337 73
589 8
2747 26
586 79
2143 46
3008 97
2970 6
3391 96
395 70
3135 95
396 87
2924 20
2354 10
1520 38
1360 98
2694 38
256 31
176 46
3963 43
3077 80
2175 50
2046 9
1722 93
3628 50
114 25
126 1
3042 97
1262 37
247 82
2778 41
3028 6
630 65
870 5
745 55
2462 29
1661 56
667 26
1795 91
2536 52
2861 70
3849 26
3396 36
129 96
3590 24
3542 50
4064 21
2889 96
3306 74
962 70
1626 80
2723 16
2935 80
2704 37
833 66
1040 53
462 45
3601 76
3574 73
422 30
3605 69
3043 47
2952 87
3214 79
696 19
1406 67
796 69
783 44
2931 77
81 33
1013 78
3631 47
3956 94
3223 56
2374 15
1973 15
109 32
1230 78
995 98
214 59
1513 37
917 81
3340 12
2678 64
695 1
3653 15
637 6
2983 46
2526 79
4011 99
1279 48
1340 61
2679 54
3586 43
2152 59
3512 15
552 81
1573 71
703 99
2230 54
659 88
591 69
3171 96
3330 16
1975 55
3305 11
2300 45
2724 41
983 97
3596 10
882 85
1428 54
3422 18
1317 22
1474 94
67 87
4016 18
793 98
3512 43
613 69
3207 25
2716 93
1800 71
1247 12
258 42
1435 25
1480 77
2027 17
2368 39
3997 13
1336 2
3742 41
4086 51
1502 29
2855 16
3916 83
827 60
2901 8
3933 90
3782 49
865 55
1912 45
1066 66
1548 15
2849 99
2984 98
3739 89
3550 18
3469 97
4047 58
922 66
3815 70
3503 97
3128 39
2803 100
2534 23
3568 79
1594 59
3994 60
2767 21
3857 32
3904 37
3393 60
1141 37
2864 27
2676 20
3285 31
3138 78
1033 31
2335 11
62 41
3260 4
2653 59
764 32
1657 49
3845 59
2286 88
2222 54
594 80
2311 53
3766 25
2315 81
3327 71
2280 18
3295 56
3358 15
1985 79
3255 96
386 89
1045 27
3277 19
3756 40
2264 17
1476 60
3699 1
3931 91
1021 73
1382 78
3414 89
1958 76
3264 42
3853 71
3454 62
741 59
3219 11
2870 54
3847 29
681 67
2183 52
267 65
2696 47
3377 5
2070 30
507 31
1412 35
2263 44
511 60
3273 16
1758 14
133 14
462 79
1089 45
3565 2
721 83
3479 62
162 27
3028 41
4029 83
1023 7
3292 96
2091 100
1791 57
922 13
2666 65
373 16
2971 74
745 36
1500 19
460 86
416 76
1123 32
3271 49
1281 87
2978 32
161 61
2832 93
3191 51
525 66
2339 71
2611 20
1395 29
830 42
3385 28
3738 83
3288 56
952 25
1757 93
1890 16
3463 60
94 43
1464 71
2926 34
3964 81
3696 32
2237 27
1013 16
3727 90
757 46
1320 86
1362 90
1569 30
1596 89
3539 51
2022 37
3254 39
2549 28
2975 71
997 50
2699 4
25 6
49 76
994 87
2725 89
3972 87
3460 21
2606 38
2525 67
2539 48
1924 20
790 27
211 99
32 30
560 99
3513 92
2818 25
62 39
2684 83
2501 26
3038 22
1468 90
2207 90
3729 43
1271 78
778 86
1153 70
1150 79
1617 89
3579 4
1457 82
143 42
2658 25
2748 45
162 65
4078 55
3696 62
580 20
2987 59
1886 69
2846 33
679 90
1750 82
846 30
2949 86
2127 86
3187 2
1709 63
3220 46
354 4
1730 4
2845 78
976 74
295 37
1214 67
1596 86
57 94
3884 39
57 12
1878 82
219 35
426 51
637 5
469 64
157 92
2789 61
753 81
1490 35
512 8
2087 91
1043 8
971 49
1679 69
2271 48
227 97
1414 79
21 18
2971 100
525 26
278 89
2608 34
1333 50
1681 31
2625 92
48 51
1609 85
521 59
2668 6
1310 51
3029 58
32 94
1872 5
2719 98
1063 41
2902 13
2089 74
4060 39
1435 85
399 8
1062 82
250 8
1140 57
1898 32
2512 75
2297 92
1609 4
1119 52
4027 59
1726 57
585 39
3590 94
967 61
445 8
805 12
2752 70
3784 72
1862 53
2119 81
3840 100
2006 58
3960 67
3326 19
2819 93
753 48
2975 80
211 73
1675 67
2850 20
2617 97
74 15
3921 69
3238 14
2979 69
1521 69
1060 90
3692 61
1325 10
244 75
3129 54
259 12
2272 68
732 4
1310 19
2599 28
1280 66
1607 74
566 37
3126 88
1164 98
97 86
1789 47
1605 15
589 31
2379 66
3950 39
1992 32
1595 56
1689 65
1734 86
2849 19
2664 13
1228 48
1206 95
1011 54
2198 92
2582 15
2389 72
2118 58
2335 15
3362 18
2439 61
3139 32
489 78
464 68
211 96
2721 71
3851 4
637 28
1314 69
3696 41
1013 6
1155 35
2816 88
2928 89
3382 57
2180 32
2299 12
3 65
2418 11
450 36
3304 70
1807 61
2960 70
2756 58
1842 27
2502 99
1732 25
1059 58
835 94
1962 78
652 38
3821 60
3069 18
1844 70
3502 21
321 79
535 67
1355 84
183 66
1574 18
2177 87
1154 77
2462 20
2553 26
2432 71
2125 17
2191 83
3999 75
2677 48
3526 22
1832 50
2726 97
3221 31
786 20
1985 23
2388 67
1978 26
23 14
1512 80
2501 76
1568 31
3693 27
288 90
990 36
1598 19
763 25
3085 95
2771 18
3716 19
1181 41
3546 35
2581 42
3140 82
1074 46
2212 64
701 97
1739 73
2739 70
2592 97
1048 53
1324 20
1484 77
4029 99
1728 85
2205 70
1088 18
1994 8
2442 78
3280 53
3089 81
742 57
1865 100
158 97
1947 74
1126 77
1742 22
560 94
1355 45
3212 48
2445 99
4080 59
1365 95
1189 78
1736 15
3922 32
3986 32
92 5
36 72
1545 12
3399 30
769 2
3991 70
2397 24
125 4
2656 73
3178 74
1948 20
3562 39
2530 100
1402 19
2765 94
2232 3
3364 31
226 24
665 34
2923 14
545 77
1168 93
1047 84
2789 54
465 64
3475 49
1334 9
441 99
3030 24
649 34
1982 4
2282 15
614 41
2399 77
508 7
1306 60
3063 8
2958 66
3623 53
1971 5
2720 37
479 50
401 40
1840 44
2149 57
1115 41
254 19
1372 47
191 96
2370 47
3047 7
1463 37
2065 67
2183 44
1085 15
641 59
1568 48
975 35
32 28
1823 91
3613 28
3717 52
2201 40
3769 35
3760 46
3580 93
126 11
1377 87
2226 65
813 12
1788 14
938 42
177 3
72 35
2717 82
2748 60
3685 75
2433 56
3249 49
2073 1
788 27
4055 29
1573 99
3408 80
1929 70
3443 85
3485 95
1192 1
3571 32
3397 47
2772 74
3120 45
2358 23
3268 3
3494 11
1262 88
550 62
2146 43
2043 51
2106 80
3084 39
2147 57
1269 8
2289 42
1313 5
3304 57
3315 47
3539 66
739 70
2942 41
4041 70
3152 50
4016 91
3475 93
2809 31
3892 33
392 52
972 30
738 6
925 48
1494 70
1803 6
1828 25
706 51
4054 54
707 8
3683 60
506 65
3425 26
1647 7
53 93
1393 13
2174 1
2031 91
1175 30
1113 17
844 29
3379 80
972 83
220 28
4061 76
4067 32
3889 36
811 13
4005 71
1201 43
2702 26
630 63
1657 68
2218 23
3084 10
3673 79
1936 72
1506 96
2964 61
1798 70
3971 71
3199 71
3378 72
1241 72
1834 59
3673 17
199 31
680 5
608 14
567 45
2332 60
3681 59
3602 79
3094 79
2126 62
2884 85
408 44
543 84
4085 68
459 43
2694 57
3182 12
1150 24
2902 79
282 73
894 74
2216 3
3356 8
1274 43
250 27
1238 49
91 64
317 56
2393 1
3994 8
171 95
3302 13
3366 87
3577 67
1611 79
974 19
1429 49
2032 57
2854 9
3302 76
508 83
3635 24
3393 49
2070 65
4032 82
4066 11
812 2
2620 70
967 34
2261 89
1456 93
491 51
3360 55
978 76
1035 88
4076 79
1439 53
1036 25
1269 45
2702 61
4034 88
3504 23
105 45
1611 5
701 87
1650 65
539 59
3683 35
705 19
1739 41
3030 15
3644 23
393 41
3461 60
2852 52
1193 66
3883 94
3387 35
2161 37
3854 92
138 52
1499 34
3095 32
4093 73
3344 8
660 71
4009 54
2224 33
1658 16
3813 98
64 48
2410 73
2945 20
2678 25
233 57
899 3
3337 84
722 99
2934 80
2269 42
3782 85
342 91
1686 11
2721 9
2777 59
1531 43
2089 13
3081 93
1765 6
1029 93
2609 94
870 43
1446 12
1154 56
2627 5
1998 24
3910 98
832 97
3936 98
1850 37
269 79
1880 11
2330 40
1427 93
2858 11
1468 58
1606 55
3934 30
3483 40
2959 32
2361 9
346 64
4053 31
2756 82
106 85
171 18
1755 52
3141 29
3102 42
1145 22
3328 94
