161 19
525 81
977 52
985 88
124 72
535 31
388 10
1015 55
587 38
256 46
66 47
541 96
64 76
987 36
529 76
492 73
792 35
896 44
879 65
172 90
494 45
813 72
887 13
183 71
295 12
879 13
42 68
704 84
141 46
768 49
850 17
699 97
708 96
980 7
316 77
522 94
633 64
636 18
61 40
981 80
966 42
962 35
893 56
418 7
166 55
717 9
334 91
458 52
957 13
908 41
652 26
552 42
342 64
394 23
708 11
44 67
106 98
715 96
50 29
674 88
1018 11
690 51
918 68
525 6
470 30
585 61
363 39
547 53
262 77
199 37
10 76
785 9
1007 64
639 61
871 19
72 2
129 17
520 87
395 14
78 98
560 19
284 84
745 86
953 46
185 76
873 62
277 8
772 85
604 71
257 55
1012 87
933 4
568 37
390 68
880 45
73 54
67 98
980 72
150 46
320 15
753 5
284 29
384 99
674 62
441 84
121 42
137 72
556 32
769 83
547 76
329 86
727 57
465 53
943 37
141 41
383 5
169 83
109 54
777 38
167 73
243 9
909 53
374 15
903 43
915 79
671 90
931 73
159 62
694 48
255 11
688 35
230 2
74 25
875 62
301 99
731 97
414 66
108 29
868 24
413 68
99 69
817 43
716 82
418 65
589 85
997 23
67 59
939 88
981 5
952 49
136 84
466 19
756 13
821 48
276 24
840 17
848 3
632 48
489 56
734 78
188 41
741 80
499 75
871 81
972 27
939 30
98 77
264 15
293 36
540 5
637 5
955 75
945 13
20 91
578 89
474 53
749 19
111 86
535 52
268 18
947 70
942 24
54 65
710 2
412 83
255 36
751 32
718 56
325 84
581 54
638 14
881 61
489 6
949 30
212 61
1018 25
308 21
52 50
702 65
785 36
825 18
180 82
460 87
924 71
68 43
960 1
843 31
911 93
968 25
202 11
467 78
863 83
432 86
14 54
827 53
357 16
104 38
163 36
512 78
937 28
406 33
773 92
620 4
669 93
2 69
728 10
106 39
446 71
626 31
369 68
847 39
268 3
387 72
430 94
369 55
1023 96
192 20
461 68
220 30
718 31
92 54
991 82
314 9
311 81
724 37
931 45
186 46
91 38
979 70
86 21
123 81
575 96
390 72
681 8
22 59
581 55
388 46
141 71
93 5
585 41
377 76
649 67
829 73
376 17
890 6
149 94
617 35
203 9
332 6
599 69
384 72
660 34
252 44
213 1
707 31
334 38
786 15
307 20
526 37
208 46
227 79
445 59
582 54
155 14
133 3
400 63
655 32
820 13
897 21
901 30
176 51
204 59
917 98
946 9
643 92
513 62
357 22
113 14
568 49
659 18
878 49
479 74
321 91
665 83
419 63
999 74
866 86
81 97
510 80
738 8
647 19
198 65
16 48
1013 47
596 28
902 17
60 68
838 28
659 63
494 67
460 64
644 31
730 54
103 96
295 15
871 75
466 68
155 87
170 98
167 32
999 7
538 61
396 61
930 14
671 39
970 25
146 34
345 29
1019 14
372 8
472 4
157 88
553 66
61 61
715 2
429 48
326 64
666 89
309 58
147 81
100 99
602 64
808 14
241 82
797 77
372 52
631 8
302 75
657 61
403 100
454 80
538 10
491 84
256 50
129 17
86 99
731 97
335 76
818 73
618 64
610 67
138 47
751 74
729 89
636 31
481 85
652 58
719 96
201 79
329 27
196 25
583 82
637 26
421 96
456 42
410 99
162 3
547 31
1020 67
430 37
419 5
876 51
905 54
843 8
645 55
236 30
71 5
1001 8
1005 88
702 92
906 43
444 47
961 80
157 44
764 92
311 14
885 38
987 68
322 50
165 77
940 22
1008 57
389 92
527 25
817 7
882 58
976 18
768 73
139 85
726 32
753 13
845 64
66 33
295 30
626 6
752 19
780 26
334 29
106 78
410 46
422 85
770 54
934 18
408 60
791 5
530 18
998 82
242 79
697 77
356 78
607 77
421 39
410 70
148 78
147 44
891 32
753 78
830 41
695 45
494 65
770 32
637 90
673 40
767 85
290 85
574 83
285 2
86 59
887 93
233 2
995 16
944 13
159 41
868 8
908 77
625 74
786 38
196 43
784 36
400 36
123 14
525 6
781 36
876 32
1021 92
379 96
520 60
127 26
398 70
20 87
972 83
705 46
730 90
655 88
461 93
283 67
905 6
855 40
894 84
95 61
709 3
160 2
204 58
854 94
990 78
267 13
811 77
311 4
166 56
849 64
804 79
365 30
580 37
805 30
784 85
955 57
826 39
222 84
895 4
629 94
481 54
392 45
167 56
120 41
528 32
455 4
14 21
180 76
203 42
954 17
275 33
838 28
966 87
770 64
426 3
67 60
511 17
323 27
170 35
909 37
5 86
398 10
888 57
608 85
625 21
357 7
578 84
345 49
962 54
318 6
900 1
117 87
178 83
92 70
647 54
20 88
679 17
342 76
609 29
386 64
242 4
609 60
911 73
95 17
56 80
511 73
646 40
377 21
217 70
896 96
301 33
972 85
991 67
812 7
296 52
630 66
512 7
975 41
472 26
872 6
23 100
243 89
82 77
300 70
348 81
920 47
689 90
61 20
58 34
42 48
87 9
52 2
251 75
554 8
260 11
223 20
256 81
303 61
768 21
868 51
285 66
946 64
514 47
558 94
473 94
872 40
519 43
113 69
65 76
381 76
644 23
335 69
403 44
982 84
117 13
594 29
896 38
590 85
926 21
544 3
280 84
918 11
768 57
872 17
259 74
24 70
242 35
896 74
596 77
431 51
167 93
976 7
15 66
936 45
949 68
688 58
568 68
404 23
635 98
430 53
37 67
457 98
864 13
123 14
879 19
231 2
856 2
311 56
575 6
498 50
541 84
440 46
706 54
984 89
274 21
19 29
323 99
200 88
469 8
131 59
137 80
166 41
575 17
1009 95
607 68
937 21
672 38
1015 9
192 51
782 95
735 24
500 2
245 7
607 14
1004 89
374 11
109 45
193 18
879 26
455 13
548 14
444 82
1 90
940 3
324 59
616 50
733 9
560 47
55 6
824 14
566 55
785 33
248 2
176 81
975 2
302 97
455 97
111 89
450 96
641 55
492 80
983 99
787 56
969 78
274 64
531 91
580 55
489 13
167 66
77 36
600 64
344 93
150 59
388 46
598 87
896 26
862 15
736 27
964 49
220 63
922 67
357 88
334 45
336 12
198 36
692 24
525 39
253 33
308 90
264 88
361 95
987 95
789 54
942 16
404 32
848 94
689 9
263 91
554 6
396 5
358 85
25 29
933 20
118 90
501 42
196 31
212 61
218 4
144 97
347 62
189 27
931 9
799 90
140 8
738 11
955 63
31 61
646 62
292 100
180 29
300 64
534 78
312 67
678 28
769 50
603 97
816 64
571 60
25 4
35 26
98 41
50 70
811 10
620 33
965 55
373 53
880 6
44 5
55 7
365 8
120 97
369 66
367 6
1021 96
237 45
1018 19
328 49
288 5
162 75
12 14
926 82
357 63
427 77
550 23
215 10
19 83
716 50
362 85
890 43
561 39
15 25
1008 1
284 56
783 99
213 92
68 44
139 34
780 46
746 57
983 82
655 24
297 8
393 93
83 51
474 58
824 91
485 33
954 66
56 84
778 77
536 73
932 49
557 11
411 71
48 47
458 65
769 82
665 20
659 1
848 36
505 14
303 18
533 17
480 75
260 6
769 95
912 43
821 32
500 3
207 63
404 87
892 35
383 63
976 23
618 83
175 13
564 97
886 67
78 55
442 65
151 29
267 89
503 60
814 47
861 28
694 38
962 43
583 69
478 82
310 58
114 4
876 21
378 70
752 42
490 78
411 78
459 9
269 16
55 65
218 18
530 36
512 42
162 75
185 51
76 89
73 96
515 29
481 54
858 76
675 22
257 96
325 88
823 89
902 40
339 72
425 41
512 15
994 55
966 55
934 52
441 76
103 86
349 41
913 96
333 3
667 43
927 8
917 17
1020 82
216 28
996 49
310 97
146 64
595 84
916 88
347 46
1024 7
450 17
25 100
712 21
427 56
592 86
436 57
682 5
312 90
191 56
911 4
101 88
832 51
642 6
676 99
352 25
519 28
904 71
887 17
9 59
113 75
72 27
146 72
33 64
899 3
35 26
674 31
769 21
95 14
113 53
125 34
146 79
150 67
945 94
565 75
833 14
391 2
163 75
135 17
548 16
100 13
833 46
638 91
706 96
676 93
702 75
938 53
409 60
673 95
507 35
930 15
868 34
500 33
70 20
411 49
299 96
236 62
736 68
794 94
506 60
553 45
541 75
958 95
282 26
723 5
169 12
322 82
105 37
696 25
252 95
232 45
236 45
587 85
149 5
618 94
748 27
316 65
450 32
721 23
231 100
694 84
964 92
240 42
121 51
291 66
321 4
533 63
756 11
962 39
223 53
547 34
1012 100
589 7
64 10
148 22
766 6
70 15
31 94
213 83
781 14
1001 31
906 46
779 63
853 91
